1/6/2018 2:21:35 PM

1,-68.952
2,-69.288
3,-68.903
4,-69.647
5,-69.336
6,-68.845
7,-69.428
8,-69.298
9,-68.736
10,-69.299
11,-68.969
12,-69.31
13,-69.097
14,-69.109
15,-69.501
16,-68.919
17,-69.098
18,-69.326
19,-68.807
20,-69.189
21,-69.419
22,-68.842
23,-69.034
24,-69.493
25,-68.951
26,-69.2
27,-69.312
28,-68.87
29,-69.111
30,-69.528
31,-68.742
32,-69.417
33,-69.481
34,-68.702
35,-69.399
36,-69.232
37,-68.828
38,-69.562
39,-68.896
40,-69.1
41,-69.506
42,-68.671
43,-69.407
44,-69.11
45,-69.129
46,-69.403
47,-69.15
48,-68.898
49,-69.44
50,-68.862
51,-69.264
52,-69.175
53,-68.837
54,-69.363
55,-68.781
56,-69.08
57,-69.56
58,-68.689
59,-69.295
60,-69.106
61,-68.825
62,-69.332
63,-69.096
64,-68.897
65,-69.453
66,-68.753
67,-69.403
68,-69.107
69,-68.775
70,-69.46
71,-68.734
72,-69.136
73,-69.13
74,-68.857
75,-69.133
76,-69.147
77,-68.829
78,-69.366
79,-68.861
80,-69.09
81,-69.432
82,-68.722
83,-69.358
84,-69.058
85,-68.793
86,-69.365
87,-68.883
88,-68.995
89,-69.379
90,-68.904
91,-68.976
92,-69.251
93,-68.796
94,-68.959
95,-69.32
96,-68.698
97,-68.925
98,-69.365
99,-68.749
100,-68.777
101,-69.197
102,-69.211
103,-68.702
104,-69.246
105,-69.332
106,-68.701
107,-68.929
108,-69.207
109,-68.766
110,-68.707
111,-69.573
112,-68.904
113,-68.939
114,-69.626
115,-68.815
116,-68.998
117,-69.56
118,-68.854
119,-69.233
120,-69.484
121,-68.876
122,-69.247
123,-68.922
124,-69.439
125,-69.341
126,-68.893
127,-69.172
128,-68.59
129,-69.297
130,-69.424
131,-68.508
132,-69.278
133,-69.193
134,-68.601
135,-68.638
136,-68.983
137,-69.202
138,-68.676
139,-68.779
140,-69.284
141,-68.725
142,-68.691
143,-69.118
144,-69.114
145,-68.547
146,-68.876
147,-69.136
148,-68.968
149,-68.582
150,-68.76
151,-69.148
152,-68.78
153,-68.603
154,-68.932
155,-69.296
156,-68.674
157,-68.539
158,-68.545
159,-69.295
160,-68.883
161,-68.66
162,-68.612
163,-68.99
164,-68.323
165,-68.023
166,-67.307
167,-64.844
168,-62.842
169,-62.869
170,-59.677
171,-57.589
172,-58.223
173,-57.928
174,-60.076
175,-60.656
176,-63.929
177,-66.481
178,-67.783
179,-67.886
180,-67.881
181,-67.816
182,-67.801
183,-65.509
184,-63.555
185,-56.868
186,-44.209
187,-41
188,-38.848
189,-42.026
190,-41.668
191,-40.688
192,-45.401
193,-41.628
194,-49.637
195,-54.01
196,-55.087
197,-56.542
198,-58.39
199,-59.253
200,-61.914
201,-63.041
202,-64.228
203,-65.227
204,-66.1
205,-66.07
206,-66.144
207,-67.128
208,-67.166
209,-67.105
210,-67.894
211,-67.994
212,-68.411
213,-68.344
214,-68.139
215,-68.697
216,-68.917
217,-68.649
218,-68.533
219,-68.574
220,-68.8
221,-68.909
222,-69.036
223,-68.517
224,-68.324
225,-68.496
226,-68.924
227,-68.985
228,-68.496
229,-68.428
230,-68.836
231,-68.825
232,-68.979
233,-68.467
234,-68.482
235,-68.702
236,-68.967
237,-68.819
238,-68.284
239,-68.246
240,-68.684
241,-68.592
242,-68.651
243,-68.248
244,-68.134
245,-68.76
246,-68.884
247,-68.404
248,-68.161
249,-68.321
250,-68.663
251,-68.917
252,-68.584
253,-67.672
254,-66.531
255,-66.879
256,-63.344
257,-63.938
258,-60.219
259,-60.211
260,-57.753
261,-55.209
262,-48.12
263,-48.711
264,-50.633
265,-53.365
266,-42.478
267,-47.551
268,-54.2
269,-57.515
270,-61.685
271,-62.785
272,-64.47
273,-65.771
274,-66.506
275,-66.998
276,-67.637
277,-68.12
278,-68.32
279,-68.669
280,-68.794
281,-68.531
282,-68.263
283,-68.745
284,-68.879
285,-69.032
286,-68.875
287,-68.931
288,-68.749
289,-68.408
290,-68.355
291,-68.584
292,-68.884
293,-68.983
294,-68.687
295,-68.331
296,-68.484
297,-68.402
298,-68.581
299,-68.91
300,-69.084
301,-68.809
302,-68.411
303,-68.272
304,-68.52
305,-68.367
306,-68.696
307,-68.841
308,-69.081
309,-68.899
310,-68.414
311,-68.267
312,-68.595
313,-68.413
314,-68.651
315,-68.881
316,-68.828
317,-68.454
318,-68.386
319,-68.311
320,-68.465
321,-68.764
322,-68.571
323,-68.887
324,-69.07
325,-69.077
326,-68.834
327,-68.61
328,-68.228
329,-68.483
330,-68.669
331,-68.424
332,-67.734
333,-67.006
334,-67.252
335,-67.808
336,-68.262
337,-66.772
338,-66.681
339,-65.699
340,-65.972
341,-66.015
342,-64.856
343,-62.279
344,-61.169
345,-58.494
346,-59.242
347,-59.895
348,-57.791
349,-57.395
350,-58.904
351,-60.188
352,-61.254
353,-63.013
354,-63.96
355,-64.899
356,-65.25
357,-66.418
358,-67.032
359,-67.551
360,-68.228
361,-68.53
362,-68.674
363,-68.714
364,-68.818
365,-68.79
366,-68.798
367,-68.539
368,-68.315
369,-68.017
370,-68.367
371,-68.318
372,-68.484
373,-68.55
374,-68.742
375,-68.806
376,-68.434
377,-67.989
378,-67.697
379,-67.343
380,-66.763
381,-66.687
382,-66.561
383,-66.5
384,-67.688
385,-68.135
386,-68.359
387,-68.561
388,-68.258
389,-68.481
390,-68.361
391,-68.548
392,-68.576
393,-68.633
394,-68.662
395,-68.261
396,-68.372
397,-68.445
398,-68.607
399,-68.746
400,-68.726
