2/1/2018 11:15:52 AM

1,-45.303
2,-46.442
3,-47.116
4,-47.176
5,-47.425
6,-47.053
7,-47.287
8,-47.139
9,-47.375
10,-47.127
11,-47.592
12,-47.589
13,-46.99
14,-46.796
15,-47.056
16,-47.577
17,-47.704
18,-47.375
19,-47.017
20,-46.805
21,-47.025
22,-47.496
23,-47.658
24,-47.488
25,-47.205
26,-46.928
27,-46.78
28,-47.072
29,-47.148
30,-47.673
31,-47.54
32,-46.824
33,-46.98
34,-47.304
35,-47.671
36,-47.602
37,-47.017
38,-46.74
39,-47.05
40,-47.497
41,-47.603
42,-47.268
43,-46.859
44,-46.721
45,-47.242
46,-47.628
47,-47.475
48,-46.894
49,-46.819
50,-47.218
51,-47.576
52,-47.68
53,-47.499
54,-47.036
55,-46.768
56,-47.052
57,-47.616
58,-47.55
59,-47.129
60,-46.838
61,-47.017
62,-47.489
63,-47.619
64,-47.27
65,-46.78
66,-46.797
67,-47.292
68,-47.625
69,-47.595
70,-47.247
71,-46.784
72,-46.856
73,-47.197
74,-47.604
75,-47.657
76,-47.312
77,-46.946
78,-46.786
79,-47.101
80,-47.477
81,-47.686
82,-47.308
83,-47.154
84,-46.882
85,-46.805
86,-46.956
87,-47.274
88,-47.68
89,-47.653
90,-47.438
91,-46.949
92,-46.84
93,-47.189
94,-47.476
95,-47.654
96,-47.526
97,-47.131
98,-46.917
99,-46.787
100,-46.954
101,-47.285
102,-47.685
103,-47.585
104,-47.267
105,-46.984
106,-46.855
107,-46.995
108,-47.322
109,-47.514
110,-47.697
111,-47.674
112,-47.4
113,-46.977
114,-46.799
115,-46.827
116,-46.949
117,-47.264
118,-47.539
119,-47.654
120,-47.557
121,-47.194
122,-46.916
123,-46.67
124,-46.822
125,-46.9
126,-46.746
127,-46.445
128,-46.095
129,-45.83
130,-45.723
131,-45.881
132,-46.015
133,-46.289
134,-46.703
135,-46.929
136,-47.271
137,-47.384
138,-47.11
139,-46.772
140,-46.565
141,-46.054
142,-46.25
143,-46.154
144,-46.013
145,-46.145
146,-46.464
147,-46.766
148,-47.061
149,-47.091
150,-47.364
151,-47.543
152,-47.64
153,-47.649
154,-47.502
155,-47.298
156,-47.082
157,-46.883
158,-46.812
159,-46.743
160,-47.161
161,-47.287
162,-47.512
163,-47.849
164,-47.566
165,-47.377
166,-46.938
167,-46.828
168,-46.883
169,-46.989
170,-47.644
171,-47.594
172,-47.643
173,-47.65
174,-47.471
175,-47.161
176,-46.797
177,-46.821
178,-46.851
179,-47.378
180,-47.608
181,-47.475
182,-47.752
183,-47.591
184,-47.462
185,-47.157
186,-46.816
187,-47.024
188,-47.337
189,-47.603
190,-47.803
191,-47.651
192,-47.674
193,-47.452
194,-47.585
195,-47.307
196,-46.99
197,-46.831
198,-46.728
199,-46.635
200,-47.1
201,-47.115
202,-45.938
203,-42.53
204,-33.357
205,-22.481
206,-5.299
207,13.305
208,33.509
209,53.21
210,70.031
211,72.416
212,57.254
213,35.278
214,17.118
215,4.284
216,-8.83
217,-22.053
218,-31.429
219,-37.556
220,-41.251
221,-43.678
222,-45.217
223,-46.145
224,-46.466
225,-46.841
226,-47.129
227,-47.282
228,-47.193
229,-47.369
230,-47.357
231,-47.194
232,-47.135
233,-47.115
234,-47.056
235,-47.102
236,-47.182
237,-47.283
238,-47.406
239,-47.338
240,-47.441
241,-47.496
242,-47.407
243,-47.44
244,-47.5
245,-47.472
246,-47.496
247,-47.404
248,-47.3
249,-47.402
250,-47.172
251,-47.136
252,-47.164
253,-46.984
254,-46.925
255,-46.953
256,-46.991
257,-46.932
258,-46.825
259,-46.816
260,-46.794
261,-46.534
262,-46.41
263,-46.443
264,-46.616
265,-46.744
266,-46.897
267,-46.879
268,-46.916
269,-47.086
270,-47.23
271,-47.284
272,-47.325
273,-47.123
274,-47.176
275,-47.251
276,-47.476
277,-47.439
278,-47.457
279,-47.486
280,-47.495
281,-47.379
282,-47.281
283,-47.237
284,-47.246
285,-47.095
286,-47.056
287,-46.916
288,-46.826
289,-46.923
290,-46.995
291,-46.999
292,-47.175
293,-47.282
294,-47.385
295,-47.378
296,-47.332
297,-47.395
298,-47.222
299,-47.278
300,-47.01
301,-46.951
302,-46.5
303,-46.487
304,-46.395
305,-46.171
306,-46.116
307,-46.2
308,-46.39
309,-46.518
310,-46.689
311,-46.988
312,-47.249
313,-47.515
314,-47.591
315,-47.264
316,-47.141
317,-46.815
318,-46.8
319,-46.701
320,-46.765
321,-46.87
322,-47.132
323,-47.257
324,-47.546
325,-47.65
326,-47.602
327,-47.476
328,-47.268
329,-47.034
330,-46.894
331,-47.022
332,-47.236
333,-47.435
334,-47.665
335,-47.664
336,-47.335
337,-47.245
338,-46.846
339,-46.765
340,-46.844
341,-47.301
342,-47.573
343,-47.618
344,-47.37
345,-47.077
346,-46.841
347,-47.022
348,-47.301
349,-47.515
350,-47.595
351,-47.307
352,-46.939
353,-46.787
354,-46.847
355,-46.996
356,-47.431
357,-47.644
358,-47.543
359,-47.133
360,-46.804
361,-47.081
362,-47.34
363,-47.505
364,-47.635
365,-47.429
366,-47.008
367,-46.81
368,-46.786
369,-46.845
370,-47.256
371,-47.483
372,-47.45
373,-46.915
374,-46.764
375,-46.794
376,-46.936
377,-47.405
378,-47.517
379,-47.399
380,-46.963
381,-46.785
382,-46.943
383,-47.269
384,-47.606
385,-47.747
386,-47.107
387,-46.781
388,-46.882
389,-47.347
390,-47.647
391,-47.701
392,-47.184
393,-46.852
394,-46.913
395,-47.622
396,-47.336
397,-46.883
398,-46.798
399,-46.99
400,-47.366
